	S36_T10SJ_1.R1	S37_T10SJ_2.R1	S38_T10SJ_3.R1	S31_T15SJ_1.R1	S32_T15SJ_2.R2	S33_T15SJ_3.R1	S16_T20SJ_1.R1	S17_T20SJ_2.R1	S18_T20SJ_3.R1	S11_T25SJ_1.R1	S12_T25SJ_2.R1	S13_T25SJ_3.R1	S26_T10Mm_1.R1	S27_T10Mm_2.R1	S28_T10Mm_3.R1	S21_T15Mm_1.R1	S22_T15Mm_2.R1	S23_T15Mm_3.R1	S6_T20Mm_1.R1	S7_T20Mm_2.R1	S8_T20Mm_3.R1	S1_T25Mm_1.R1	S2_T25Mm_2.R1	S3_T25Mm_3.R1	SJ.10T1-mRNA_1	SJ.10T2-mRNA_1	SJ.10T3-mRNA_1	SJ.15T1-mRNA_1	SJ.15T2-mRNA_1	SJ.15T3-mRNA_2	SJ.20T1-mRNA_1	SJ.20T2-mRNA_1	SJ.20T3-mRNA_1	SJ.25T1-mRNA_1	SJ.25T2-mRNA_1	SJ.25T3-mRNA_1	HB.10T1-mRNA_1	HB.10T2-mRNA_1	HB.10T3-mRNA_1	HB.15T1-mRNA_1	HB.15T2-mRNA_1	HB.15T3-mRNA_1	HB.20T1-mRNA_1	HB.20T2-mRNA_1	HB.20T3-mRNA_1	HB.25T1-mRNA_1	HB.25T2-mRNA_1	HB.25T3-mRNA_1
S22_bin.4	0.00785303	0.010692232	0.005013827	0	0	0	0	0	0	0	0	0	1.9782369	1.7046497	2.7075405	0.30142143	0.7435966	0.27724874	0	0	0	0	0	0	0.03365194	0	0	0	0	0	0	0	0	0	0	0	4.3521204	11.67168	8.0119002	0.3563372	0.5995559	1.0689908	0	0	0	0	0	0
S38-semi25	1.2423947	1.3322375	1.1525519	0.53556293	0.575676885	0.61579084	0.15223722	0.2633432	0.26929653	0.12805827	0.23802719	0.25806585	0	0	0	0	0	0	0	0	0	0	0	0	2.641374	3.7833483	3.5657878	3.600217	4.0583115	3.82926425	0.07943741	0.5377997	0.31290537	0.107028104	0.15921707	0.16645345	0	0	0	0	0	0	0	0	0	0	0	0
S13_bin.85	0.9998982	1.085106	0.9146904	0.43839282	0.47283864	0.50728446	0.15462296	0.24229008	0.24911796	0.118856736	0.21401805	0.23529531	0	0	0	0	0	0	0	0	0	0	0	0	5.1381974	6.5160694	5.8565555	7.372082	5.417437	6.3947595	0.41357186	1.1702919	0.74886316	0.24283992	0.47100067	0.4316394	0	0	0	0	0	0	0	0	0	0	0	0
S11-semi1	0	0	0	0	0	0	0.033638824	0.027705096	0.03419434	0.12443482	0.13097465	0.09218047	0	0	0	0	0	0	0	0	0	0	0	0	0	0	0	0	0	0	0	0.07316367	0.04736436	0.4633763	0.47647703	0.25508806	0	0	0	0	0	0	0	0	0	0	0	0
S11_bin.90	0	0	0	0	0	0	0.011220584	0.009050433	0.011351313	0.11836066	0.12466961	0.08739735	0	0	0	0	0	0	0	0	0	0	0	0	0	0	0	0	0	0	0	0.062239684	0.03931259	0.47391608	0.48869762	0.26237255	0	0	0	0	0	0	0	0	0	0	0	0
S13_bin.78	0	0	0	0	0	0	0.033408552	0.028660439	0.03480721	0.12134452	0.12862925	0.091597006	0	0	0	0	0	0	0	0	0	0	0	0	0	0	0	0	0	0	0	0.046758	0.027994819	0.4589773	0.48522592	0.25792298	0	0	0	0	0	0	0	0	0	0	0	0
S13-semi4	0.06682959	0.08221803	0.05144115	0.04270169	0.04626263	0.04982357	0.04858448	0.041348957	0.050508678	0.12259237	0.13020116	0.0940949	0	0	0	0	0	0	0	0	0	0	0	0	0	0	0	0	0	0	0.025668446	0.06684167	0.042300247	0.4402376	0.46142125	0.24567693	0	0	0	0	0	0	0	0	0	0	0	0
S8_bin.10	0	0	0	0	0	0	0	0	0	0	0	0	0.022736318	0.023466174	0.02398865	0.012880906	0.018722326	0.008179411	0.055598352	0.07447878	0.07131318	0.030507045	0.03271242	0.028552366	0	0	0	0	0	0	0	0	0	0	0	0	0.16640744	0.16326231	0.164834875	0.06407555	0	0	0.19012898	0.41586742	0.19205359	0.1542196	0.10346716	0.023083583
S28-semi30	0	0	0	0	0	0	0	0	0	0	0	0	0.04860897	0.046579972	0.040488653	0.018848035	0.029803623	0.01395321	0.049507458	0.06607362	0.05812779	0.02217226	0.024615942	0.018564953	0	0	0	0	0	0	0	0	0	0	0	0	0.24520895	0.17260912	0.208909035	0.08397761	0	0	0.10422086	0.45231792	0.10480639	0.1335012	0.055930432	0.010379961
S3-semi29	0	0	0	0	0	0	0	0	0	0	0	0	0.02164403	0.022263926	0.02365913	0.01423304	0.019658031	0.008516652	0.050159737	0.06664802	0.060426608	0.021961665	0.022331174	0.024307894	0	0	0	0	0	0	0	0	0	0	0	0	0.10992685	0.11161013	0.11076849	0.056421123	0	0	0.14147653	0.3132148	0.1379131	0.13006552	0.08348644	0.018557345
S3-semi19	0	0	0	0	0	0	0	0	0	0	0	0	0	0	0	0.001994289	0.002250866	0.001374673	0.068383895	0.09278645	0.07862865	0.20844871	0.24396764	0.21498969	0	0	0	0	0	0	0	0	0	0	0	0	0	0	0	0	0	0	0.46318004	0.54481757	0.4244998	0.84200275	0.7280548	0.22757027
S8-semi37	0	0	0	0	0	0	0	0	0	0	0	0	0	0	0	0.002053512	0.002250991	0.001361751	0.07082353	0.094092004	0.084453836	0.2039009	0.23483087	0.20445983	0	0	0	0	0	0	0	0	0	0	0	0	0	0	0	0	0	0	0.4536251	0.59064144	0.41278127	0.83357894	0.65560865	0.20061657
S2-semi36	0	0	0	0	0	0	0	0	0	0	0	0	0	0	0	0.001643017	0.001652358	0.001077183	0.0526144	0.06986291	0.060258307	0.15738519	0.18621251	0.15945262	0	0	0	0	0	0	0	0	0	0	0	0	0	0	0	0	0	0	0.37871277	0.48238617	0.34875685	0.6969353	0.54988045	0.16898856
S6-semi36	0	0	0	0	0	0	0	0	0	0	0	0	0	0	0	0.001764679	0.001886423	0.001145349	0.07438677	0.09360118	0.08051562	0.20363235	0.23304935	0.20285702	0	0	0	0	0	0	0	0	0	0	0	0	0	0	0	0	0	0	0.33325297	0.37738585	0.30073	0.574038	0.49783915	0.15916917
S2_bin.38	0	0	0	0	0	0	0	0	0	0	0	0	0	0	0	0.001452664	0.001462482	0.000994874	0.05141468	0.0698203	0.059407976	0.15651473	0.18499334	0.15861765	0	0	0	0	0	0	0	0	0	0	0	0	0	0	0	0	0	0	0.26687205	0.29545593	0.24401806	0.48588958	0.40926662	0.12916438
S7-semi44	0	0	0	0	0	0	0	0	0	0	0	0	0	0	0	0.002474004	0.002733508	0.001761118	0.070428565	0.09678918	0.08034397	0.20370565	0.23436505	0.2031067	0	0	0	0	0	0	0	0	0	0	0	0	0	0	0	0	0	0	0.40379047	0.55880684	0.374485	0.78924584	0.58449537	0.1767599
S3_bin.39	0	0	0	0	0	0	0	0	0	0	0	0	0	0	0	0	0	0	0.001606915	0.002563487	0.0021391	0.014534697	0.015591744	0.01031969	0	0	0	0	0	0	0	0	0	0	0	0	0	0	0	0	0	0	0	0	0	0.02669598	0.01589113	0.008023642
S3-semi7	0	0	0	0	0	0	0	0	0	0	0	0	0	0	0	0	0	0	0.001774438	0.002805126	0.002323717	0.015659502	0.016513284	0.011019401	0	0	0	0	0	0	0	0	0	0	0	0	0	0	0	0	0	0	0	0	0	0.027267214	0.016648507	0.008674831
S1_bin.13	0	0	0	0	0	0	0	0	0	0	0	0	0	0	0	0	0	0	0.001676818	0.002628298	0.002269866	0.01618872	0.016335217	0.009888997	0	0	0	0	0	0	0	0	0	0	0	0	0	0	0	0	0	0	0	0	0	0.036058202	0.019405955	0.008616433
S1-semi17	0	0	0	0	0	0	0	0	0	0	0	0	0	0	0	0	0	0	0.001666864	0.002701853	0.002237044	0.016225293	0.016480668	0.010008018	0	0	0	0	0	0	0	0	0	0	0	0	0	0	0	0	0	0	0	0	0	0.03577943	0.019807396	0.009575855
S2_bin.41	0	0	0	0	0	0	0	0	0	0	0	0	0	0	0	0	0	0	0.001649816	0.002617406	0.002167167	0.014957802	0.016774328	0.009802661	0	0	0	0	0	0	0	0	0	0	0	0	0	0	0	0	0	0	0	0	0	0.035726923	0.02076724	0.008737462
S2-semi15	0	0	0	0	0	0	0	0	0	0	0	0	0	0	0	0	0	0	0.001726664	0.002802015	0.002314066	0.015701314	0.0175702	0.010113399	0	0	0	0	0	0	0	0	0	0	0	0	0	0	0	0	0	0	0	0	0	0.03617433	0.021230385	0.00997462
S33-semi129	0.027627887	0.025948884	0.02930689	0.034274206	0.035905773	0.03753734	0.024443954	0.023328714	0.024405058	0.02574533	0.028909402	0.02598992	0	0	0	0	0	0	0	0	0	0	0	0	0	0	0	0	0	0	0	0	0	0	0	0	0	0	0	0	0	0	0	0	0	0	0	0
S22_bin.24	0	0	0	0	0	0	0	0	0	0	0	0	0.003250022	0.002142703	0.012322293	0.008547776	0.03422127	0.014522218	0	0	0	0	0	0	0	0	0	0	0	0	0	0	0	0	0	0	0	0	0	0	0	0	0	0	0	0	0	0
S22-semi18	0	0	0	0	0	0	0	0	0	0	0	0	0.00361217	0.002763287	0.013426192	0.008734167	0.034854736	0.015070724	0	0	0	0	0	0	0	0	0	0	0	0	0	0	0	0	0	0	0	0	0	0	0	0	0	0	0	0	0	0
S28_bin.54	0	0	0	0	0	0	0	0	0	0	0	0	0.048414785	0.04729499	0.1692583	0.024217831	0.036464557	0.012422526	0	0	0	0	0	0	0	0	0	0	0	0	0	0	0	0	0	0	0.03617498	0.15288278	0.09452888	0.022387872	0	0.02534225	0	0	0	0	0	0
S23-semi16	0	0	0	0	0	0	0	0	0	0	0	0	0	0.00244722	0.007027712	0	0.005276042	0.054922245	0	0	0	0	0	0	0	0	0	0	0	0	0	0	0	0	0	0	0	0.017365944	0.008682972	0	0.124349296	0	0	0	0	0	0	0
S6_bin.32	0	0	0	0	0	0	0	0	0	0	0	0	0.040358815	0.03642006	0.023955327	0.015522298	0.0236704	0.009807513	0.04392719	0.042370442	0.036805086	0.008787498	0.009831322	0.0072271	0	0	0	0	0	0	0	0	0	0	0	0	0.46359724	0.27863377	0.371115505	0.10928713	0.12767197	0.23418394	0.15645874	0.18840392	0.19110572	0.07629044	0.12206608	0
S6-semi11	0	0	0	0	0	0	0	0	0	0	0	0	0.040022712	0.035984203	0.02337493	0.015257155	0.023391217	0.009942411	0.04306253	0.040988516	0.035211943	0.005756219	0.006136525	0.004193651	0	0	0	0	0	0	0	0	0	0	0	0	0.5980393	0.36947903	0.483759165	0.45537046	0.16026427	0.30855358	0.20576862	0.5400029	0.24284026	0	0.15646718	0
S27_bin.56	0	0	0	0	0	0	0	0	0	0	0	0	0.070459455	0.08071705	0.06349366	0.02783313	0.056900866	0.020006657	0.023728382	0.03158269	0.02756903	0.003758578	0.003437588	0.002765217	0	0	0	0	0	0	0	0	0	0	0	0	0.6510228	0.7926301	0.72182645	0.10249602	0.15070565	0.40826598	0.28703466	0.23068891	0.3684051	0	0	0
